"","edu_ratio","part_ratio","edu_mean","life_exp","gni","mat_mort_ratio","ado_birthr","parli_f","hdi","gii"
"Norway",1.00723888314374,0.890829694323144,12.6,81.6,64992,4,7.8,39.6,0.944,0.067
"Australia",0.996828752642706,0.818941504178273,13,82.4,42261,6,12.1,30.5,0.935,0.11
"Switzerland",0.98343685300207,0.825100133511348,12.8,83,56431,6,1.9,28.5,0.93,0.028
"Denmark",0.988612836438924,0.884036144578313,12.7,80.2,44025,5,5.1,38,0.923,0.048
"Netherlands",0.969060773480663,0.828611898016997,11.9,81.6,45435,6,6.2,36.9,0.922,0.062
"Germany",0.992783505154639,0.807228915662651,13.1,80.9,43919,7,3.8,36.9,0.916,0.041
"Ireland",1.02417302798982,0.779735682819383,12.2,80.9,39568,9,8.2,19.9,0.916,0.113
"United States",1.00316455696203,0.817126269956459,12.9,79.1,52947,28,31,19.4,0.915,0.28
"Canada",1,0.867605633802817,13,82,42155,11,14.5,28.2,0.913,0.129
"New Zealand",0.99685204616999,0.840108401084011,12.5,81.8,32689,8,25.3,31.4,0.913,0.157
"Singapore",0.914814814814815,0.761658031088083,10.6,83,76628,6,6,25.3,0.912,0.088
"Sweden",0.990836197021764,0.888070692194403,12.1,82.2,45636,4,6.5,43.6,0.907,0.055
"United Kingdom",0.998998998998999,0.810771470160116,13.1,80.7,39267,8,25.8,23.5,0.907,0.177
"Iceland",0.993449781659389,0.910852713178295,10.6,82.6,35182,4,11.5,41.3,0.899,0.087
"Korea (Republic of)",0.864197530864198,0.694868238557559,11.9,81.9,33890,27,2.2,16.3,0.898,0.125
"Israel",0.966781214203895,0.837916063675832,12.5,82.4,30676,2,7.8,22.5,0.894,0.101
"Luxembourg",1,0.784829721362229,11.7,81.7,58711,11,8.3,28.3,0.892,0.1
"Japan",1.01398601398601,0.693181818181818,11.5,83.5,36927,6,5.4,11.6,0.891,0.133
"Belgium",0.934861278648975,0.801011804384486,11.3,80.8,41187,6,6.7,42.4,0.89,0.063
"France",0.9375,0.823051948051948,11.1,82.2,38056,12,5.7,25.7,0.888,0.088
"Austria",1,0.806499261447563,10.8,81.4,43869,4,4.1,30.3,0.885,0.053
"Finland",1,0.8703125,10.3,80.8,38695,4,9.2,42.5,0.883,0.075
"Slovenia",0.977551020408163,0.82753164556962,11.9,80.4,27852,7,0.6,27.7,0.88,0.016
"Spain",0.913816689466484,0.797872340425532,9.6,82.6,32045,4,10.6,38,0.876,0.095
"Italy",0.884472049689441,0.665546218487395,10.1,83.1,33030,4,4,30.1,0.873,0.068
"Czech Republic",1.00200601805416,0.748169838945827,12.3,78.6,26660,5,4.9,18.9,0.87,0.091
"Greece",0.888059701492537,0.7072,10.3,80.9,24524,5,11.9,21,0.865,0.146
"Estonia",1,0.815674891146589,12.5,76.8,25214,11,16.8,19.8,0.861,0.164
"Cyprus",0.930232558139535,0.787623066104079,11.6,80.2,28633,10,5.5,12.5,0.85,0.124
"Qatar",1.13050847457627,0.531937172774869,9.1,78.2,123124,6,9.5,0,0.85,0.524
"Slovakia",0.995979899497487,0.744897959183674,12.2,76.3,25845,7,15.9,18.7,0.844,0.164
"Poland",0.928654970760234,0.75346687211094,11.8,77.4,23177,3,12.2,22.1,0.843,0.138
"Lithuania",0.944856839872746,0.829123328380386,12.4,73.3,24500,11,10.6,23.4,0.839,0.125
"Malta",0.877237851662404,0.571644042232277,10.3,80.6,27930,9,18.2,13,0.839,0.227
"Saudi Arabia",0.860597439544808,0.257982120051086,8.7,74.3,52821,16,10.2,19.9,0.837,0.284
"Argentina",0.977430555555555,0.633333333333333,9.8,76.3,22050,69,54.4,36.8,0.836,0.376
"United Arab Emirates",1.19444444444444,0.505434782608696,9.5,77,60868,8,27.6,17.5,0.835,0.232
"Chile",0.959424083769633,0.657754010695187,9.8,81.7,21290,22,55.3,15.8,0.832,0.338
"Portugal",0.989626556016598,0.829305135951662,8.2,80.9,25757,8,12.6,31.3,0.83,0.111
"Hungary",0.991894630192503,0.746666666666667,11.6,75.2,22916,14,12.1,10.1,0.828,0.209
"Bahrain",1.10311284046693,0.451093210586881,9.4,76.6,38599,22,13.8,15,0.824,0.265
"Latvia",0.998989898989899,0.812130177514793,11.5,74.2,22281,13,13.5,18,0.819,0.167
"Croatia",0.908119658119658,0.76541095890411,11,77.3,19409,13,12.7,25.8,0.818,0.149
"Kuwait",0.987566607460036,0.524669073405536,7.2,74.4,83961,14,14.5,1.5,0.816,0.387
"Montenegro",0.889123548046463,0.75043630017452,11.2,76.2,14558,7,15.2,17.3,0.802,0.171
"Belarus",0.943600867678959,0.793977812995246,12,71.3,16676,1,20.6,30.1,0.798,0.151
"Russian Federation",0.968648648648649,0.796373779637378,12,70.1,22352,24,25.7,14.5,0.798,0.276
"Oman",0.82661996497373,0.351089588377724,8,76.8,34858,11,10.6,9.6,0.793,0.275
"Romania",0.935869565217391,0.750385208012327,10.8,74.7,18108,33,31,12,0.793,0.333
"Uruguay",1.08151093439364,0.723958333333333,8.5,77.2,19283,14,58.3,11.5,0.793,0.313
"Bahamas",1.04109589041096,0.873896595208071,10.9,75.4,21336,37,28.5,16.7,0.79,0.298
"Kazakhstan",0.964574898785425,0.869062901155327,11.4,69.4,20867,26,29.9,20.1,0.788,0.267
"Barbados",1.02052451539339,0.860313315926893,10.5,75.6,12488,52,48.4,19.6,0.785,0.357
"Bulgaria",0.971786833855799,0.811864406779661,10.6,74.2,15596,5,35.9,20.4,0.782,0.212
"Panama",1.08216432865731,0.599022004889976,9.3,77.6,18192,85,78.5,19.3,0.78,0.454
"Malaysia",0.91304347826087,0.588079470198675,10,74.7,22762,29,5.7,14.2,0.779,0.209
"Mauritius",0.851724137931034,0.587601078167116,8.5,74.4,17470,73,30.9,11.6,0.777,0.419
"Trinidad and Tobago",0.980295566502463,0.701986754966887,10.9,70.4,26090,84,34.8,24.7,0.772,0.371
"Serbia",0.793478260869565,0.730706075533662,10.5,74.9,12190,16,16.9,34,0.771,0.176
"Cuba",0.942893401015228,0.62,11.5,79.4,7301,80,43.1,48.9,0.769,0.356
"Lebanon",0.956678700361011,0.328631875881523,7.9,79.3,16509,16,12,3.1,0.769,0.385
"Costa Rica",1.0039603960396,0.589873417721519,8.4,79.4,13413,38,60.8,33.3,0.766,0.349
"Iran (Islamic Republic of)",0.920118343195266,0.22554347826087,8.2,75.4,15440,23,31.6,3.1,0.766,0.515
"Venezuela (Bolivarian Republic of)",1.11417322834646,0.64520202020202,8.9,74.2,16159,110,83.2,17,0.762,0.476
"Turkey",0.65,0.415254237288136,7.6,75.3,18677,20,30.9,14.4,0.761,0.359
"Sri Lanka",0.951570680628272,0.46002621231979,10.8,74.9,9779,29,16.9,5.8,0.757,0.37
"Mexico",0.919141914191419,0.564455569461827,8.5,76.8,16056,49,63.4,37.1,0.756,0.373
"Brazil",1.04198473282443,0.735148514851485,7.7,74.5,15175,69,70.8,9.6,0.755,0.457
"Georgia",0.967637540453074,0.752330226364847,12.1,74.9,7164,41,46.8,11.3,0.754,0.382
"Azerbaijan",0.962012320328542,0.903735632183908,11.2,70.8,16428,26,40,15.6,0.751,0.303
"Jordan",0.885350318471338,0.234234234234234,9.9,74,11365,50,26.5,11.6,0.748,0.473
"The former Yugoslav Republic of Macedonia",0.723021582733813,0.638518518518518,9.3,75.4,11780,7,18.3,33.3,0.747,0.164
"Ukraine",0.956204379562044,0.795216741405082,11.3,71,8178,23,25.7,11.8,0.747,0.286
"Algeria",0.861290322580645,0.210526315789474,7.6,74.8,13054,89,10,25.7,0.736,0.413
"Peru",0.851739788199697,0.808056872037915,9,74.6,11015,89,50.7,22.3,0.734,0.406
"Albania",0.930602957906712,0.685496183206107,9.3,77.8,9943,21,15.3,20.7,0.733,0.217
"Armenia",0.989473684210526,0.746556473829201,10.9,74.7,8124,29,27.1,10.7,0.733,0.318
"Bosnia and Herzegovina",0.643266475644699,0.595113438045375,8.3,76.5,9638,8,15.1,19.3,0.733,0.201
"Ecuador",1.01776649746193,0.66142684401451,7.6,75.9,10605,87,77,41.6,0.732,0.407
"China",0.816411682892907,0.816091954022989,7.5,75.8,12547,32,8.6,23.6,0.727,0.191
"Fiji",0.995348837209302,0.520833333333333,9.9,70,7493,59,42.8,14,0.727,0.418
"Mongolia",1.01426872770511,0.816738816738817,9.3,69.4,10729,68,18.7,14.9,0.727,0.325
"Thailand",0.875,0.796778190830235,7.3,74.4,13323,26,41,6.1,0.726,0.38
"Libya",1.32458233890215,0.392670157068063,7.3,71.6,14911,15,2.5,16,0.724,0.134
"Tunisia",0.711496746203904,0.354019746121298,6.8,74.8,10404,46,4.6,31.3,0.721,0.24
"Colombia",1.02338129496403,0.700125470514429,7.3,74,12040,83,68.5,20.9,0.72,0.429
"Jamaica",1.05413105413105,0.791255289139633,9.7,75.7,7415,80,70.1,16.7,0.719,0.43
"Tonga",0.990939977349943,0.7171581769437,10.7,72.8,5069,120,18.1,0,0.717,0.666
"Belize",1.00791556728232,0.597812879708384,10.5,70,7614,45,71.4,13.3,0.715,0.426
"Dominican Republic",1.04708097928437,0.652671755725191,7.6,73.5,11883,100,99.6,19.1,0.715,0.477
"Suriname",0.94692144373673,0.588662790697674,7.7,71.1,15617,130,35.2,11.8,0.714,0.463
"Maldives",0.834862385321101,0.725161290322581,5.8,76.8,12328,31,4.2,5.9,0.706,0.243
"Samoa",1.07166666666667,0.402397260273973,10.3,73.4,5327,58,28.3,6.1,0.702,0.457
"Botswana",0.944801026957638,0.881127450980392,8.9,64.5,16646,170,44.2,9.5,0.698,0.48
"Moldova (Republic of)",0.968944099378882,0.850678733031674,11.2,71.6,5223,21,29.3,20.8,0.693,0.248
"Egypt",0.724422442244224,0.316844919786096,6.6,71.1,10512,45,43,2.2,0.69,0.573
"Gabon",1.49307479224377,0.859327217125382,7.8,64.4,16367,240,103,16.2,0.684,0.514
"Indonesia",0.810975609756098,0.610451306413302,7.6,68.9,9788,190,48.3,17.1,0.684,0.494
"Paraguay",0.855813953488372,0.65683962264151,7.7,72.9,7643,110,67,16.8,0.679,0.472
"Philippines",1.03453689167975,0.641154328732748,8.9,68.2,7915,120,46.8,27.1,0.668,0.42
"El Salvador",0.844036697247706,0.605063291139241,6.5,73,7349,69,76,27.4,0.666,0.427
"South Africa",0.957839262187088,0.735537190082645,9.9,57.4,12122,140,50.9,40.7,0.666,0.407
"Viet Nam",0.834269662921348,0.888077858880779,7.5,75.8,5092,49,29,24.3,0.666,0.308
"Bolivia (Plurinational State of)",0.805414551607445,0.793572311495674,8.2,68.3,5760,200,71.9,51.8,0.662,0.444
"Kyrgyzstan",0.976239669421488,0.70440251572327,10.6,70.6,3044,75,29.3,23.3,0.655,0.353
"Iraq",0.553784860557769,0.213467048710602,6.4,69.4,14003,67,68.7,26.5,0.654,0.539
"Guyana",1.26150627615063,0.529192546583851,8.5,66.4,6522,250,88.5,31.3,0.636,0.515
"Nicaragua",1.02872062663185,0.590286425902864,6,74.9,4457,100,100.8,39.1,0.631,0.449
"Morocco",0.685430463576159,0.349604221635884,4.4,74,6850,120,35.8,11,0.628,0.525
"Namibia",0.968023255813953,0.858712715855573,6.2,64.8,9418,130,54.9,37.7,0.628,0.401
"Guatemala",0.943965517241379,0.558956916099773,5.6,71.8,6929,140,97.2,13.3,0.627,0.533
"Tajikistan",1.04276315789474,0.763942931258106,10.4,69.4,2517,44,42.8,15.2,0.624,0.357
"India",0.477031802120141,0.337922403003755,5.4,68,5497,190,32.8,12.2,0.609,0.563
"Honduras",1.08527131782946,0.516284680337756,5.5,73.1,3938,120,84,25.8,0.606,0.48
"Bhutan",0.985507246376812,0.863989637305699,3,69.5,7176,120,40.9,8.3,0.605,0.457
"Syrian Arab Republic",0.728395061728395,0.185694635488308,6.3,69.6,2728,49,41.6,12.4,0.594,0.533
"Congo",0.84468085106383,0.938356164383562,6.1,62.3,6012,410,126.7,11.5,0.591,0.593
"Zambia",0.586363636363636,0.853971962616822,6.6,60.1,3734,280,125.4,12.7,0.586,0.587
"Ghana",0.698608964451314,0.942577030812325,7,61.4,3852,380,58.4,10.9,0.579,0.554
"Bangladesh",0.825665859564165,0.682520808561237,5.1,71.6,3191,170,80.6,20,0.57,0.503
"Cambodia",0.432314410480349,0.910982658959538,4.4,68.4,2949,170,44.3,19,0.555,0.477
"Kenya",0.805732484076433,0.859116022099447,6.3,61.6,2762,400,93.6,20.8,0.548,0.552
"Nepal",0.463350785340314,0.917336394948335,3.3,69.6,2311,190,73.7,29.5,0.548,0.489
"Pakistan",0.418655097613883,0.296743063932449,4.7,66.2,4866,170,27.3,19.7,0.538,0.536
"Myanmar",1.49673202614379,0.913730255164034,4.1,65.9,4608,200,12.1,4.7,0.536,0.413
"Swaziland",0.842307692307692,0.613128491620112,7.1,49,5542,310,72,14.7,0.531,0.557
"Tanzania (United Republic of)",0.589473684210526,0.976718403547672,5.1,65,2411,410,122.7,36,0.521,0.547
"Cameroon",0.610315186246418,0.830729166666667,6,55.5,2803,590,115.8,27.1,0.512,0.587
"Zimbabwe",0.785483870967742,0.927536231884058,7.3,57.5,1615,470,60.3,35.1,0.509,0.504
"Mauritania",0.397129186602871,0.36283185840708,3.8,63.1,3560,320,73.3,22.2,0.506,0.61
"Papua New Guinea",0.524137931034483,0.952702702702703,4,62.6,2463,220,62.1,2.7,0.505,0.611
"Yemen",0.322097378277154,0.35180055401662,2.6,63.8,3519,270,47,0.7,0.498,0.744
"Lesotho",1.15263157894737,0.802721088435374,5.9,49.8,3306,490,89.4,26.8,0.497,0.541
"Togo",0.399503722084367,0.991389913899139,4.5,59.7,1228,450,91.5,17.6,0.484,0.588
"Haiti",0.636363636363636,0.857746478873239,4.9,62.8,1669,380,42,3.5,0.483,0.603
"Rwanda",0.909090909090909,1.01289566236811,3.7,64.2,1458,320,33.6,57.5,0.483,0.4
"Uganda",0.683582089552239,0.957070707070707,5.4,58.5,1613,360,126.6,35,0.483,0.538
"Benin",0.418518518518519,0.863346104725415,3.3,59.6,1767,340,90.2,8.4,0.48,0.614
"Sudan",0.664835164835165,0.411842105263158,3.1,63.5,3809,360,84,23.8,0.479,0.591
"Senegal",0.467532467532468,0.75,2.5,66.5,2188,320,94.4,42.7,0.466,0.528
"Afghanistan",0.197986577181208,0.19874213836478,3.2,60.4,1885,400,86.8,27.6,0.465,0.693
"Côte d'Ivoire",0.465116279069767,0.643734643734644,4.3,51.5,3171,720,130.3,9.2,0.462,0.679
"Malawi",0.513888888888889,1.03803680981595,4.3,62.8,747,510,144.8,16.7,0.445,0.611
"Ethiopia",0.428571428571429,0.875699888017917,2.4,64.1,1428,420,78.4,25.5,0.442,0.558
"Gambia",0.552380952380952,0.870928829915561,2.8,60.2,1507,430,115.8,9.4,0.441,0.622
"Congo (Democratic Republic of the)",0.395061728395062,0.965846994535519,6,58.7,680,730,135.3,8.2,0.433,0.673
"Liberia",0.391857506361323,0.898148148148148,4.1,60.9,805,640,117.4,10.7,0.43,0.651
"Mali",0.509933774834437,0.624078624078624,2,58,1583,550,175.6,9.5,0.419,0.677
"Mozambique",0.225806451612903,1.03260869565217,3.2,55.1,1123,480,137.8,39.6,0.416,0.591
"Sierra Leone",0.460829493087558,0.952173913043478,3.1,50.9,1780,1100,100.7,12.4,0.413,0.65
"Burkina Faso",0.28125,0.856666666666667,1.4,58.7,1591,400,115.4,13.3,0.402,0.631
"Burundi",0.63855421686747,1.01585365853659,2.7,56.7,758,740,30.3,34.9,0.4,0.492
"Chad",0.171717171717172,0.808080808080808,1.9,51.6,2085,980,152,14.9,0.392,0.706
"Central African Republic",0.378277153558052,0.853113983548766,4.2,50.7,581,880,98.3,12.5,0.35,0.655
"Niger",0.307692307692308,0.445930880713489,1.5,61.4,908,630,204.8,13.3,0.348,0.713
